0 0.604599 0.577124 0.086085 0.148799
0 0.546226 0.652571 0.035377 0.140416
0 0.672406 0.620087 0.089623 0.167661
0 0.802712 0.666194 0.104953 0.201193
0 0.694222 0.507964 0.069575 0.098501
0 0.674175 0.440900 0.050708 0.085926
0 0.913561 0.631614 0.097877 0.186522
0 0.834552 0.567693 0.074292 0.134128
0 0.772641 0.507964 0.068396 0.111075
0 0.721344 0.454522 0.034198 0.088022
0 0.756132 0.454522 0.049528 0.108979
0 0.792689 0.438804 0.025943 0.035628
0 0.825118 0.467097 0.038915 0.067064
0 0.869340 0.485958 0.044811 0.088022
0 0.947844 0.554943 0.072102 0.132332
0 0.974933 0.522908 0.050134 0.118560
0 0.918699 0.495962 0.054919 0.062274
0 0.923922 0.463328 0.044474 0.035328