0 0.464173 0.722320 0.020216 0.038662
0 0.356357 0.811244 0.022462 0.032648
0 0.352987 0.789335 0.021339 0.024916
0 0.703673 0.747666 0.016285 0.025775
0 0.817880 0.603096 0.025796 0.036085
0 0.525726 0.812444 0.022033 0.032761
0 0.561569 0.792502 0.017999 0.025164
0 0.546984 0.797725 0.014896 0.028013
0 0.532709 0.793452 0.016137 0.027064
0 0.447213 0.806272 0.020792 0.036560
0 0.425490 0.799625 0.023275 0.036560
0 0.402526 0.789654 0.023275 0.037509
0 0.466764 0.798912 0.020792 0.033236
0 0.486625 0.797725 0.017689 0.033711
0 0.504624 0.795351 0.017689 0.033711